0.00014	-0.48215
0.00013	-0.48521
0.00475	0.98406
0.00476	0.98403
0.00816	2.45999
0.00814	2.45935
0.00817	2.46235
0.01221	3.92583
0.01219	3.92561
0.01556	5.41079
0.01572	5.41040
0.01951	6.87363
0.01951	6.87563
0.01951	6.87871
0.02382	8.34568
0.02382	8.34709
0.02711	9.80061
0.02713	9.80564
0.02723	9.80713
0.03167	11.25781
0.03162	11.26306
0.03491	12.71118
0.03486	12.71606
0.03903	14.17932
0.03903	14.17271
0.03905	14.17363
0.04332	15.61533
0.04320	15.61470
0.04666	17.07737
0.04662	17.07534
0.04661	17.07690
0.05116	18.50947
0.05119	18.51174
0.05589	18.94651
0.05589	18.92275
0.05587	18.90867
0.06081	18.91914
0.06078	18.89849
0.06569	18.87998
0.06576	18.87161
0.07061	18.84602
0.07056	18.82524
0.07055	18.82200
0.07544	18.78792
0.07545	18.77500
0.08042	18.74524
0.08042	18.72688
0.08045	18.72493
0.08533	18.68525
0.08533	18.67720
0.09018	18.64814
0.09020	18.63145
0.09518	18.60393
0.09518	18.60215
0.09517	18.59199
0.10009	18.55483
0.10006	18.55239
0.10496	18.50681
0.10494	18.50588
0.10492	18.50303
0.10982	18.45796
0.10984	18.45676
0.11471	18.41167
0.11471	18.40869
0.11471	18.40793
0.11959	18.36233
0.11963	18.35991
0.12448	18.31782
0.12449	18.31267
0.12937	18.27705
0.12937	18.26985
0.12937	18.26448
0.13426	18.22839
0.13425	18.22107
0.13915	18.18569
0.13913	18.18157
0.13913	18.17339
0.14400	18.13589
0.14401	18.13145
0.14891	18.09016
0.14891	18.08867
0.15377	18.04165
0.15378	18.03997
0.15377	18.03315
0.15868	17.99197
0.15868	17.99055
0.16358	17.94358
0.16358	17.94192
0.16356	17.94048
0.16843	17.89534
0.16844	17.89468
0.17317	17.84631
0.17322	17.84563
0.17320	17.84382
0.17810	17.79766
0.17811	17.79695
0.18296	17.74932
0.18297	17.74885
0.18784	17.70071
0.18784	17.70051
