2.3529980	0.0013184	0.0023057	0.0021689
2.3526123	0.0011621	0.0022214	0.0020804
2.3529688	0.0011719	0.0020346	0.0021092
2.3539063	0.0010889	0.0033263	0.0020335
2.4146191	0.0065674	0.0024417	0.0023223
2.4153369	0.0063184	0.0023125	0.0022364
2.4158643	0.0066943	0.0026018	0.0023599
2.4157617	0.0063574	0.0021322	0.0022429
2.4393604	0.0113281	0.0024104	0.0022789
2.4558789	0.0160400	0.0010095	0.0022053
2.4558643	0.0160205	0.0009707	0.0021959
2.4770410	0.0249756	0.0022451	0.0015585
2.4858301	0.0296191	0.0015324	0.0012517
2.5002148	0.0392871	0.0010255	0.0010690
2.5190137	0.0543359	0.0015039	0.0016467
2.5306396	0.0685791	0.0021813	0.0010360
2.5499463	0.0932324	0.0020643	0.0014750
2.5691797	0.1226416	0.0018395	0.0015853
2.5941064	0.1666309	0.0021764	0.0017072
2.6204688	0.2219531	0.0022936	0.0024429
2.6466357	0.2903271	0.0009528	0.0024344
2.6820068	0.3864844	0.0022031	0.0017675
2.7205420	0.5154834	0.0018351	0.0024179
2.7664453	0.6788037	0.0024199	0.0007350
2.8202393	0.8989111	0.0024071	0.0014622
2.8277490	0.9389502	0.0016340	0.0022429
2.8366846	0.9717578	0.0010339	0.0006507
2.8417871	1.0059473	0.0006908	0.0007517
2.8512061	1.0450439	0.0012708	0.0008790
2.8573193	1.0793066	0.0018981	0.0010729
2.8661426	1.1192676	0.0007214	0.0020549
2.8735498	1.1531006	0.0024523	0.0017680
2.8807910	1.1877441	0.0006875	0.0021154
2.8891211	1.2268799	0.0022554	0.0021560
2.8955127	1.2622119	0.0004634	0.0024426
2.9024561	1.2946045	0.0024234	0.0016694
2.9101367	1.3336621	0.0004881	0.0016642
2.9175488	1.3675342	0.0024417	0.0012735
2.9248437	1.4068652	0.0006167	0.0016503
2.9314600	1.4428076	0.0023491	0.0024418
2.9391553	1.4766748	0.0011692	0.0024135
2.9454443	1.5158398	0.0020580	0.0024273
2.9536328	1.5502686	0.0014392	0.0024523
2.9589453	1.5852002	0.0005337	0.0023316
2.9669043	1.6216895	0.0023688	0.0016430
2.9735742	1.6562549	0.0006884	0.0020413
2.9805078	1.6951074	0.0024009	0.0017819
2.9876172	1.7295996	0.0016746	0.0020303
2.9932617	1.7653906	0.0010432	0.0024392
3.0019043	1.8047314	0.0019898	0.0023839
3.0076025	1.8393799	0.0009910	0.0022279
3.0128809	1.8734717	0.0009593	0.0022654
3.0214697	1.9092090	0.0019650	0.0006172
3.0271191	1.9433936	0.0010234	0.0005560
3.0328174	1.9824512	0.0016229	0.0006548
3.0397607	2.0166943	0.0024336	0.0007973
3.0462207	2.0508887	0.0016642	0.0008673
3.0519385	2.0902979	0.0009968	0.0014356
3.0573877	2.1248682	0.0017856	0.0018735
3.0644092	2.1587646	0.0024018	0.0015737
3.0712500	2.1983740	0.0005767	0.0020580
3.0762109	2.2316455	0.0005337	0.0010627
3.0814844	2.2657422	0.0014011	0.0008090
3.0903271	2.3048437	0.0014721	0.0009645
3.0953955	2.3389209	0.0011869	0.0006347
3.1007959	2.3788623	0.0010608	0.0019203
3.1060498	2.4133838	0.0015818	0.0022220
3.1129980	2.4481348	0.0024340	0.0023688
3.1200098	2.4869092	0.0008104	0.0022770
3.1249951	2.5232080	0.0005983	0.0021068
3.1302295	2.5543799	0.0012735	0.0016939
3.1374512	2.5934375	0.0024402	0.0017168
3.1433789	2.6274268	0.0020744	0.0014458
3.1493555	2.6669092	0.0005751	0.0018890
3.1526416	2.7027148	0.0023125	0.0024414
3.1585107	2.7372070	0.0016798	0.0024112
3.1638330	2.7766553	0.0011010	0.0025040
3.1689453	2.8104932	0.0005780	0.0024135
3.1738184	2.8426611	0.0006179	0.0018773
3.1798047	2.8818018	0.0020368	0.0019403
3.1849512	2.9164697	0.0021887	0.0024188
3.1924072	2.9552930	0.0019355	0.0021095
3.1979346	2.9899512	0.0011869	0.0023277
3.2027100	3.0255713	0.0013798	0.0023491
3.2080859	3.0647266	0.0007838	0.0023207
3.2129492	3.0991895	0.0007545	0.0022076
3.2179492	3.1335205	0.0010095	0.0021293
3.2236377	3.1690430	0.0019578	0.0007180
3.2293115	3.2031494	0.0023491	0.0006729
3.2359766	3.2422559	0.0021739	0.0007537
3.2409033	3.2764648	0.0021508	0.0008405
3.2466797	3.3112402	0.0013253	0.0017191
3.2517969	3.3504541	0.0008598	0.0018478
3.2567188	3.3960303	0.0008090	0.0434870
3.2518652	3.3469629	0.0037514	0.0093617
3.2484033	3.3449170	0.0023956	0.0078916
3.2467529	3.3462646	0.0014719	0.0080388
3.2466113	3.3459326	0.0014257	0.0052752
3.2462158	3.3421680	0.0018690	0.0051410
3.2455762	3.3397119	0.0022618	0.0038968
