-7.00183	0.23477
-6.99678	0.25872
-6.99207	0.26781
-6.98226	0.29980
-6.97725	0.32533
-6.97253	0.34242
-6.96754	0.35947
-6.96274	0.38932
-6.95776	0.40700
-6.95292	0.42520
-6.94795	0.45576
-6.94326	0.48369
-6.93810	0.50609
-6.93343	0.53359
-6.92846	0.55778
-6.92366	0.58854
-6.91871	0.62087
-6.91385	0.65472
-6.90890	0.68662
-6.90414	0.72428
-6.89916	0.76247
-6.89436	0.80941
-6.88938	0.84609
-6.88462	0.88652
-6.87958	0.93818
-6.87465	0.97777
-6.86953	1.02549
-6.86503	1.07487
-6.86001	1.12581
-6.85530	1.17607
-6.85038	1.23587
-6.84612	1.29095
-6.84115	1.34635
-6.83131	1.46673
-6.82667	1.53174
-6.82164	1.59824
-6.81692	1.66738
-6.81188	1.74404
-6.80725	1.82057
-6.80209	1.89072
-6.79734	1.96377
-6.79231	2.04818
-6.78765	2.13070
-6.78261	2.21634
-6.77789	2.30892
-6.77292	2.40091
-6.76814	2.49460
-6.76301	2.58984
-6.75833	2.69059
-6.75322	2.79404
-6.74849	2.89671
-6.74359	3.00791
-6.73877	3.12282
-6.73374	3.23161
-6.72894	3.35244
-6.72402	3.47370
-6.71907	3.59333
-6.71411	3.71683
-6.70941	3.84574
-6.70440	3.97510
-6.69957	4.10029
-6.69463	4.23643
-6.68464	4.52334
-6.67980	4.66914
-6.67489	4.81963
-6.67009	4.97643
-6.66512	5.13571
-6.66027	5.29811
-6.65533	5.46191
-6.65049	5.62780
-6.64562	5.79447
-6.64069	5.96556
-6.63581	6.13555
-6.63097	6.31523
-6.62604	6.49831
-6.62119	6.68141
-6.61629	6.86895
-6.61149	7.06325
-6.60652	7.26032
-6.60169	7.45771
-6.59674	7.65876
-6.59191	7.86771
-6.58697	8.07240
-6.58218	8.27471
-6.57721	8.49359
-6.57235	8.70924
-6.56747	8.92572
-6.56253	9.14925
-6.55761	9.37734
-6.55281	9.60563
-6.54790	9.83493
-6.53812	10.29798
-6.53357	10.54398
-6.52856	10.77897
-6.52394	11.02887
-6.51879	11.27174
-6.51410	11.52826
-6.50911	11.78385
-6.50434	12.04277
-6.49936	12.30007
