0.2500	0.2516	0.2492
0.3214	0.3247	0.3227
0.3929	0.3912	0.3906
0.4643	0.4647	0.4639
0.5357	0.5396	0.5375
0.6071	0.6082	0.6059
0.6786	0.6788	0.6785
0.7500	0.7520	0.7516
0.8214	0.8207	0.8203
0.8929	0.8942	0.8935
0.9643	0.9621	0.9619
1.0357	1.0353	1.0349
1.1071	1.1088	1.1083
1.1786	1.1782	1.1768
1.2500	1.2517	1.2502
1.3214	1.3237	1.3232
1.3929	1.3923	1.3916
1.4643	1.4667	1.4650
1.5357	1.5405	1.5383
1.6071	1.6074	1.6064
1.6786	1.6803	1.6797
1.7500	1.7505	1.7484
1.8214	1.8246	1.8217
1.8929	1.8982	1.8958
1.9643	1.9629	1.9626
2.0357	2.0364	2.0361
2.1071	2.1098	2.1093
2.1786	2.1784	2.1777
2.2500	2.2512	2.2509
2.3214	2.3195	2.3192
2.3929	2.3934	2.3926
2.4643	2.4673	2.4659
2.5357	2.5350	2.5342
2.6071	2.6078	2.6074
2.6786	2.6836	2.6809
2.7500	2.7518	2.7493
2.8214	2.8252	2.8229
2.8929	2.8913	2.8906
2.9643	2.9647	2.9639
3.0357	3.0400	3.0376
3.1071	3.1086	3.1061
3.1786	3.1788	3.1785
3.2500	3.2520	3.2517
3.3214	3.3208	3.3203
3.3929	3.3942	3.3935
3.4643	3.4623	3.4619
3.5357	3.5353	3.5350
3.6071	3.6087	3.6083
3.6786	3.6784	3.6769
3.7500	3.7520	3.7503
