1.4613037	0.0110596	0.0022139	0.0021781
1.4800146	0.0161182	0.0015414	0.0022515
1.4802197	0.0159473	0.0017936	0.0021915
1.4941162	0.0207910	0.0007405	0.0021707
1.5041211	0.0257129	0.0010931	0.0021915
1.5135498	0.0296680	0.0009317	0.0013129
1.5277148	0.0393213	0.0016101	0.0012377
1.5378711	0.0491455	0.0010255	0.0012812
1.5460059	0.0589502	0.0023688	0.0013615
1.5564697	0.0737695	0.0020713	0.0015163
1.5671973	0.0933887	0.0009838	0.0016503
1.5770898	0.1179980	0.0007545	0.0018822
1.5867822	0.1468457	0.0007918	0.0013156
1.5953711	0.1828955	0.0021638	0.0024531
1.6057422	0.2320117	0.0017152	0.0024414
1.6135254	0.2854834	0.0024304	0.0024373
1.6227637	0.3574023	0.0023175	0.0019393
1.6321729	0.4452832	0.0021663	0.0020399
1.6416699	0.5594922	0.0020036	0.0024178
1.6513916	0.6983008	0.0019962	0.0007545
1.6614941	0.8696094	0.0021789	0.0014556
1.6735645	1.0890771	0.0021265	0.0010381
1.6844971	1.3578613	0.0006327	0.0014318
1.6956494	1.6999268	0.0021773	0.0017476
1.7090234	2.1246973	0.0008730	0.0016990
1.7125000	2.2121240	0.0021935	0.0010381
1.7138672	2.2951562	0.0006909	0.0011107
1.7158740	2.3789160	0.0024135	0.0019735
1.7185889	2.4678027	0.0009512	0.0027943
1.7202490	2.5492383	0.0022533	0.0013899
1.7235303	2.6372656	0.0007656	0.0015864
1.7243945	2.7222119	0.0017861	0.0024422
1.7278271	2.8053271	0.0017002	0.0024477
1.7285791	2.8914600	0.0008578	0.0018393
1.7318018	2.9753271	0.0022918	0.0023255
1.7333643	3.0644629	0.0007071	0.0023913
1.7347021	3.1485547	0.0021612	0.0018604
1.7377832	3.2330322	0.0014785	0.0019503
1.7383447	3.3160986	0.0007051	0.0016939
1.7416162	3.3993750	0.0022731	0.0019610
1.7432666	3.4865088	0.0008815	0.0010883
1.7455566	3.5695459	0.0024616	0.0010381
1.7478467	3.6585791	0.0009930	0.0021862
1.7482520	3.7416895	0.0010275	0.0022344
1.7517432	3.8237793	0.0020953	0.0015595
1.7528906	3.9124268	0.0006898	0.0021671
1.7537646	3.9969141	0.0018393	0.0024298
1.7569971	4.0855908	0.0018221	0.0021714
1.7577783	4.1661523	0.0008312	0.0020727
1.7591553	4.2514697	0.0021813	0.0022366
1.7623682	4.3395166	0.0012408	0.0021722
1.7627979	4.4190771	0.0007656	0.0008776
1.7646973	4.5069873	0.0024027	0.0008744
1.7672119	4.5906299	0.0012867	0.0017955
1.7676367	4.6739551	0.0007545	0.0020549
1.7698340	4.7610937	0.0024356	0.0014227
1.7722119	4.8441748	0.0010747	0.0013941
1.7727051	4.9333252	0.0010647	0.0023325
1.7748096	5.0177344	0.0024409	0.0023560
1.7770508	5.0978320	0.0011806	0.0010095
1.7774121	5.1868359	0.0007537	0.0021645
1.7797803	5.6540430	0.0024524	0.0014268
1.7877441	5.7373486	0.0017000	0.0013549
1.7903857	5.8167676	0.0022953	0.0021898
1.7918311	5.9000146	0.0010001	0.0023565
1.7922070	5.9773926	0.0010931	0.0019970
1.7934814	6.0553662	0.0022492	0.0017727
1.7959912	6.1390137	0.0018809	0.0022232
1.7968311	6.2177246	0.0007712	0.0024027
1.7974756	6.3035205	0.0016340	0.0012308
1.8003516	6.3834082	0.0022122	0.0023240
1.8016260	6.4528564	0.0008776	0.0024425
1.8018066	6.5089355	0.0008160	0.0009904
1.8021582	6.5508496	0.0013927	0.0023783
1.8027588	6.5867676	0.0019842	0.0008888
1.8036182	6.6147070	0.0023724	0.0022554
1.8043555	6.6387695	0.0024376	0.0023712
1.8047656	6.6555371	0.0023760	0.0012463
1.8062891	6.7141797	0.0012628	0.0012155
1.8066602	6.8040479	0.0005348	0.0024477
1.8079980	6.8880127	0.0021887	0.0023161
1.8110986	6.9678223	0.0013941	0.0006892
1.8115283	7.0560840	0.0005983	0.0015026
1.8125000	7.1389355	0.0019541	0.0011256
1.8147412	7.2136328	0.0023158	0.0030590
1.8145068	7.2142822	0.0023817	0.0029057
1.8143799	7.2144482	0.0024071	0.0028218
1.8142139	7.2143848	0.0024299	0.0028651
1.8139893	7.2145801	0.0024425	0.0030815
1.8137939	7.2153955	0.0024366	0.0035385
1.8137451	7.2151953	0.0024327	0.0033364
1.8134912	7.2148193	0.0024259	0.0030625
1.8133154	7.2151660	0.0023546	0.0033077
1.8131152	7.2153418	0.0023003	0.0034792
1.8130322	7.2153760	0.0022679	0.0035239
1.8129932	7.2155127	0.0022408	0.0035425
1.8126611	7.2156348	0.0020652	0.0036406
1.8125781	7.2160010	0.0020104	0.0037283
1.8126270	7.2161475	0.0020549	0.0037819
1.8125195	7.2156592	0.0019927	0.0035989
