0.00002	-0.10986
0.00487	0.17092
0.00969	0.43789
0.01438	0.69424
0.01911	0.94011
0.02382	1.17002
0.02862	1.39121
0.03309	1.59680
0.03766	1.79639
0.04237	1.98423
0.04705	2.16501
0.05170	2.34004
0.05648	2.50547
0.06132	2.65972
0.06614	2.80613
0.07582	3.06565
0.08069	3.18889
0.08555	3.30808
0.09062	3.41846
0.09550	3.52559
0.10030	3.62554
0.10512	3.72192
0.10996	3.81162
0.11483	3.89802
0.11973	3.97876
0.12458	4.05471
0.12942	4.12756
0.13431	4.19512
0.13917	4.26042
0.14404	4.32114
0.14889	4.38003
0.15372	4.43406
0.15873	4.48511
0.16354	4.53225
0.16836	4.57891
0.17297	4.62244
0.17788	4.66704
0.18257	4.70454
0.18739	4.74463
0.19223	4.78210
0.19719	4.81182
0.20198	4.84507
0.20671	4.87717
0.21170	4.90808
0.22145	4.96260
0.22630	4.98948
0.23121	5.01331
0.23619	5.03533
0.24103	5.05957
0.24596	5.07969
0.25117	5.10122
0.25604	5.11875
0.26089	5.13865
0.26581	5.15837
0.27058	5.17532
0.27551	5.19241
0.28035	5.20820
0.28517	5.22361
0.29020	5.23853
0.29501	5.25356
0.29990	5.26582
0.30474	5.28142
0.30969	5.29341
0.31471	5.30569
0.31973	5.31680
0.32439	5.32856
0.32772	5.34084
0.33252	5.34924
0.33740	5.36155
0.34229	5.37151
0.34714	5.38237
0.35201	5.39011
0.35692	5.39836
0.36671	5.41606
0.37157	5.42549
0.37646	5.43076
0.38134	5.44075
0.38630	5.44678
0.39117	5.45713
0.39606	5.46189
0.40092	5.46956
0.40632	5.47524
0.41127	5.48269
0.41605	5.48865
0.42101	5.49443
0.42577	5.50217
0.43070	5.50623
0.43553	5.51184
0.44041	5.51858
0.44541	5.52605
0.45018	5.53022
0.45510	5.53577
0.45992	5.54170
0.46493	5.54656
0.46993	5.54885
0.47486	5.55476
0.47966	5.55581
0.48388	5.56655
0.48872	5.56899
0.49361	5.57185
