2.00111	0.04893
2.00595	0.04922
2.01091	0.05029
2.01567	0.05220
2.02568	0.05884
2.03050	0.06694
2.03546	0.07598
2.04041	0.08457
2.05037	0.09482
2.05534	0.09863
2.06033	0.10137
2.06560	0.10522
2.07038	0.11567
2.08008	0.13623
2.08505	0.14351
2.08995	0.14888
2.09468	0.15928
2.10465	0.18555
2.10955	0.19541
2.11450	0.20571
2.11940	0.21836
2.12898	0.37251
2.13371	0.25425
2.13883	0.26743
2.14374	0.28154
2.15340	0.31611
2.15830	0.33105
2.16320	0.35278
2.16816	0.36978
2.17797	0.41348
2.18280	0.43203
2.18794	0.45708
2.19267	0.47773
2.20245	0.52842
2.20723	0.55776
2.21177	0.58394
2.21646	0.61411
2.22604	0.67544
2.23070	0.70698
2.23563	0.74160
2.24050	0.77715
2.24552	0.81499
2.25523	0.89063
2.26004	0.93174
2.26496	0.97817
2.26992	1.02114
2.27964	1.11470
2.28468	1.16440
2.28941	1.21436
2.29429	1.27021
2.30409	1.38516
2.30890	1.44453
2.31394	1.50664
2.31867	1.57075
2.32849	1.70405
2.33333	1.77339
2.33831	1.84370
2.34329	1.91899
2.35335	2.07222
2.35807	2.15332
2.36331	2.23755
2.36811	2.32295
2.37829	2.50151
2.38332	2.59526
2.38816	2.69058
2.39302	2.78706
2.40274	2.98701
2.40758	3.09458
2.41238	3.20825
2.41724	3.32285
2.42227	3.44263
2.43208	3.68281
2.43688	3.81089
2.44205	3.94048
2.44669	4.07515
2.45658	4.35337
2.46154	4.49800
2.46625	4.64712
2.47116	4.79771
2.48106	5.11157
2.48587	5.27217
2.49074	5.43999
2.49586	5.60703
2.50611	5.95718
2.51114	6.13242
2.51600	6.31089
2.52041	6.50190
2.52951	6.88975
2.53394	7.09360
2.53921	7.29697
2.54374	7.50952
2.55358	7.94438
2.55852	8.16909
2.56342	8.40029
2.56831	8.62632
2.57817	9.09751
2.58291	9.34165
2.58798	9.59097
2.59274	9.83955
2.59764	10.10283
