0.00000	-0.04890
0.00490	0.04993
0.00974	0.14441
0.01456	0.22585
0.01942	0.30537
0.02432	0.37568
0.02917	0.44211
0.03405	0.50222
0.03885	0.55757
0.04368	0.60886
0.04858	0.65691
0.05346	0.70151
0.05833	0.74062
0.06319	0.77681
0.06802	0.81130
0.07785	0.87002
0.08275	0.89539
0.08765	0.91960
0.09266	0.94080
0.09758	0.96179
0.10244	0.97927
0.10732	0.99587
0.11220	1.01218
0.11705	1.02705
0.12192	1.04036
0.12684	1.05188
0.13169	1.06350
0.13661	1.07515
0.14147	1.08467
0.14636	1.09495
0.15129	1.10242
0.15615	1.11196
0.16106	1.12051
0.16594	1.12722
0.17039	1.13406
0.17525	1.14060
0.18029	1.14634
0.18504	1.15227
0.18985	1.15757
0.19470	1.16423
0.19957	1.16814
0.20443	1.17229
0.20933	1.17712
0.21425	1.18149
0.22408	1.18940
0.22897	1.19285
0.23394	1.19543
0.23885	1.19893
0.24374	1.20276
0.24889	1.20569
0.25377	1.20901
0.25864	1.21184
0.26352	1.21377
0.26839	1.21780
0.27329	1.22024
0.27815	1.22209
0.28303	1.22471
0.28792	1.22720
0.29282	1.22793
0.29775	1.23020
0.30260	1.23369
0.30751	1.23481
0.31241	1.23733
0.31728	1.23855
0.32218	1.24058
0.32567	1.24143
0.33051	1.24373
0.33553	1.24512
0.34034	1.24717
0.34517	1.24905
0.34991	1.24893
0.35493	1.25095
0.35975	1.25225
0.36946	1.25503
0.37449	1.25554
0.37934	1.25771
0.38422	1.25864
0.38927	1.25977
0.39424	1.26091
0.39902	1.26243
0.40464	1.26262
0.40936	1.26370
0.41437	1.26555
0.41909	1.26526
0.42414	1.26802
0.42890	1.26777
0.43378	1.26899
0.43865	1.26926
0.44350	1.27031
0.44862	1.27151
0.45343	1.27175
0.45835	1.27344
0.46316	1.27397
0.46830	1.27461
0.47307	1.27551
0.47796	1.27764
0.48194	1.27690
0.48688	1.27720
0.49179	1.27786
0.49665	1.27896
