0.2500	0.0001	0.2508
0.3214	0.0003	0.3245
0.3929	0.0001	0.3910
0.4643	0.0001	0.4645
0.5357	0.0001	0.5396
0.6071	0.0001	0.6084
0.6786	0.0004	0.6787
0.7500	0.0001	0.7520
0.8214	0.0002	0.8207
0.8929	0.0003	0.8940
0.9643	0.0005	0.9620
1.0357	0.0002	1.0352
1.1071	0.0006	1.1086
1.1786	0.0006	1.1779
1.2500	0.0006	1.2516
1.3214	0.0007	1.3235
1.3929	0.0006	1.3921
1.4643	0.0005	1.4667
1.5357	0.0005	1.5405
1.6071	0.0010	1.6070
1.6786	0.0004	1.6805
1.7500	0.0007	1.7509
1.8214	0.0006	1.8244
1.8929	0.0011	1.8980
1.9643	0.0006	1.9629
2.0357	0.0015	2.0362
2.1071	0.0008	2.1100
2.1786	0.0007	2.1787
2.2500	0.0015	2.2511
2.3214	0.0011	2.3195
2.3929	0.0016	2.3943
2.4643	0.0013	2.4677
2.5357	0.0024	2.5347
2.6071	0.0014	2.6081
2.6786	0.0021	2.6831
2.7500	0.0019	2.7516
2.8214	0.0025	2.8255
2.8929	0.0019	2.8918
2.9643	0.0021	2.9650
3.0357	0.0023	3.0406
3.1071	0.0023	3.1093
3.1786	0.0030	3.1788
3.2500	0.0021	3.2522
3.3214	0.0026	3.3213
3.3929	0.0027	3.3946
3.4643	0.0033	3.4621
3.5357	0.0025	3.5355
3.6071	0.0033	3.6088
3.6786	0.0029	3.6788
3.7500	0.0035	3.7528
