0.2500	0.5025	0.2518
0.3214	0.6492	0.3255
0.3929	0.7828	0.3914
0.4643	0.9315	0.4645
0.5357	1.0763	0.5394
0.6071	1.2150	0.6086
0.6786	1.3604	0.6787
0.7500	1.5079	0.7520
0.8214	1.6434	0.8208
0.8929	1.7916	0.8942
0.9643	1.9253	0.9620
1.0357	2.0730	1.0353
1.1071	2.2191	1.1085
1.1786	2.3561	1.1778
1.2500	2.5045	1.2527
1.3214	2.6496	1.3235
1.3929	2.7876	1.3921
1.4643	2.9330	1.4668
1.5357	3.0806	1.5405
1.6071	3.2143	1.6068
1.6786	3.3621	1.6805
1.7500	3.4977	1.7506
1.8214	3.6462	1.8244
1.8929	3.7917	1.8981
1.9643	3.9282	1.9629
2.0357	4.0768	2.0363
2.1071	4.2227	2.1104
2.1786	4.3599	2.1786
2.2500	4.5035	2.2510
2.3214	4.6418	2.3194
2.3929	4.7868	2.3933
2.4643	4.9356	2.4671
2.5357	5.0718	2.5346
2.6071	5.2190	2.6081
2.6786	5.3651	2.6830
2.7500	5.5025	2.7516
2.8214	5.6492	2.8256
2.8929	5.7829	2.8915
2.9643	5.9317	2.9645
3.0357	6.0771	3.0403
3.1071	6.2151	3.1088
3.1786	6.3606	3.1787
3.2500	6.5080	3.2521
3.3214	6.6439	3.3209
3.3929	6.7917	3.3942
3.4643	6.9255	3.4621
3.5357	7.0734	3.5353
3.6071	7.2192	3.6086
3.6786	7.3563	3.6781
3.7500	7.5046	3.7530
