1.5225391	0.0110889	0.0019055	0.0021714
1.5227979	0.0110547	0.0016627	0.0021534
1.5390576	0.0160107	0.0019504	0.0021911
1.5392627	0.0161572	0.0020894	0.0022574
1.5526465	0.0207764	0.0007192	0.0021293
1.5623877	0.0248730	0.0007948	0.0014257
1.5707715	0.0296094	0.0022513	0.0012541
1.5770898	0.0347070	0.0007222	0.0015319
1.5820605	0.0393506	0.0005773	0.0012117
1.5914893	0.0490332	0.0011869	0.0010729
1.5960986	0.0542383	0.0015818	0.0015163
1.6060645	0.0687012	0.0013282	0.0012842
1.6112158	0.0784229	0.0007323	0.0012671
1.6174561	0.0933984	0.0021293	0.0016321
1.6259668	0.1129297	0.0005351	0.0016467
1.6318164	0.1325439	0.0019393	0.0017201
1.6403223	0.1567187	0.0011781	0.0014556
1.6468164	0.1875879	0.0021638	0.0024194
1.6553271	0.2272217	0.0007389	0.0024366
1.6635937	0.2656982	0.0022301	0.0024071
1.6700684	0.3156885	0.0008888	0.0023255
1.6795166	0.3715332	0.0009495	0.0014318
1.6891553	0.4455078	0.0011692	0.0022830
1.6987061	0.5300391	0.0014976	0.0024294
1.7086084	0.6288770	0.0013024	0.0019757
1.7092432	0.6496533	0.0010945	0.0010546
1.7132080	0.6738184	0.0016694	0.0006554
1.7139648	0.6982812	0.0007505	0.0007868
1.7171338	0.7226611	0.0022989	0.0005983
1.7188232	0.7519971	0.0008844	0.0007396
1.7222021	0.7764209	0.0022235	0.0007706
1.7236182	0.8010791	0.0007078	0.0015393
1.7251221	0.8259375	0.0022598	0.0017539
1.7281787	0.8500781	0.0012382	0.0014392
1.7286768	0.8747656	0.0009760	0.0017943
1.7322314	0.8989502	0.0020834	0.0015134
1.7333936	0.9237354	0.0007409	0.0018936
1.7351172	0.9534814	0.0023332	0.0021764
1.7379248	0.9766016	0.0012708	0.0007868
1.7384229	1.0012793	0.0009029	0.0012179
1.7420117	1.0255518	0.0020744	0.0011131
1.7431494	1.0499365	0.0009646	0.0008500
1.7454199	1.0743848	0.0024744	0.0009628
1.7476318	1.0990674	0.0013624	0.0014081
1.7481055	1.1240430	0.0007222	0.0019686
1.7514551	1.1532568	0.0022429	0.0019048
1.7528271	1.1781494	0.0007337	0.0022053
1.7533740	1.2025244	0.0014386	0.0021971
1.7564502	1.2268652	0.0021911	0.0021482
1.7576611	1.2528076	0.0008467	0.0024150
1.7581201	1.2752100	0.0012069	0.0018044
1.7615723	1.2991797	0.0020559	0.0012815
1.7626123	1.3237842	0.0007362	0.0015346
1.7633496	1.3481299	0.0016642	0.0014785
1.7666113	1.3774023	0.0019467	0.0014618
1.7675342	1.4018359	0.0006719	0.0014719
1.7680664	1.4265234	0.0014818	0.0017539
1.7716211	1.4525977	0.0018436	0.0024423
1.7724023	1.4771533	0.0006152	0.0024405
1.7729834	1.5014258	0.0015101	0.0024423
1.7756494	1.5260498	0.0023357	0.0024366
1.7771191	1.5504834	0.0010234	0.0024352
1.7775146	1.5801270	0.0010221	0.0023828
1.7802100	1.6022217	0.0024054	0.0016836
1.7820264	1.6276221	0.0009687	0.0026643
1.7823486	1.6512402	0.0008790	0.0018520
1.7839697	1.6755615	0.0023406	0.0017814
1.7863525	1.7004834	0.0017680	0.0022489
1.7870752	1.7252148	0.0005973	0.0022863
1.7875439	1.7510937	0.0013910	0.0023663
1.7911523	1.7804883	0.0018565	0.0023493
1.7918848	1.8047363	0.0008393	0.0023828
1.7923145	1.8293848	0.0012706	0.0023175
1.7943457	1.8534814	0.0024410	0.0024000
1.7964893	1.8789355	0.0013357	0.0019318
1.7968701	1.9012061	0.0005570	0.0023546
1.7977832	1.9244238	0.0019134	0.0019851
1.8010059	1.9483398	0.0017633	0.0008955
1.8017432	1.9727002	0.0005568	0.0005967
1.8023291	2.0019824	0.0015853	0.0006172
1.8049902	2.0264111	0.0023109	0.0008308
1.8063281	2.0508887	0.0012350	0.0008104
1.8066699	2.0761865	0.0008734	0.0019771
1.8076904	2.1001270	0.0020188	0.0015039
1.8108057	2.1248389	0.0017436	0.0018221
1.8114453	2.1489893	0.0007204	0.0015772
1.8117920	2.1742041	0.0011763	0.0023946
1.8144385	2.2034717	0.0023962	0.0021823
1.8161230	2.2266650	0.0011419	0.0008256
1.8163721	2.2511621	0.0007071	0.0010541
1.8170361	2.2755029	0.0016375	0.0009070
1.8203662	2.2998877	0.0019126	0.0008278
1.8211914	2.3244580	0.0007505	0.0010989
1.8214893	2.3491943	0.0010627	0.0015737
1.8229688	2.3741650	0.0023207	0.0020527
1.8257031	2.4041113	0.0014392	0.0023478
1.8260840	2.4282666	0.0007192	0.0022574
1.8264551	2.4526611	0.0011830	0.0022703
1.8287256	2.9388818	0.0024595	0.0017293
1.8556836	2.9626611	0.0017207	0.0021627
