0.00002	-0.07590
0.00489	0.10449
0.00973	0.27222
0.01451	0.42871
0.01936	0.57974
0.02413	0.72187
0.02895	0.85352
0.03379	0.97559
0.03844	1.08982
0.04321	1.19751
0.04800	1.29749
0.05282	1.39092
0.05758	1.47566
0.06240	1.55735
0.06714	1.63567
0.07689	1.77537
0.08184	1.83647
0.08671	1.89573
0.09201	1.95032
0.09682	2.00278
0.10176	2.04893
0.10664	2.09324
0.11135	2.13481
0.11619	2.17537
0.12117	2.21301
0.12594	2.24629
0.13069	2.27864
0.13564	2.31050
0.14046	2.32822
0.14536	2.36609
0.15023	2.39216
0.15516	2.41506
0.16009	2.43782
0.16497	2.45928
0.16901	2.47856
0.17388	2.49651
0.17877	2.51370
0.18365	2.53225
0.18861	2.54751
0.19329	2.56086
0.19825	2.57449
0.20307	2.58936
0.20795	2.60234
0.21281	2.61543
0.22265	2.63667
0.22755	2.64919
0.23245	2.65723
0.23742	2.66763
0.24247	2.67661
0.24767	2.68655
0.25256	2.69536
0.25750	2.70200
0.26237	2.70981
0.26721	2.71816
0.27203	2.72476
0.27696	2.73110
0.28178	2.73704
0.28664	2.74504
0.29156	2.75022
0.29651	2.75569
0.30136	2.75955
0.30627	2.76758
0.31120	2.77114
0.31627	2.77639
0.32102	2.78213
0.32485	2.78657
0.32965	2.79265
0.33451	2.79453
0.33938	2.80034
0.34427	2.80361
0.34911	2.80996
0.35399	2.81196
0.35887	2.81670
0.36864	2.82271
0.37355	2.82712
0.37840	2.83025
0.38330	2.83296
0.38818	2.83640
0.39314	2.83894
0.39805	2.84182
0.40308	2.84534
0.40800	2.84758
0.41290	2.84966
0.41789	2.85093
0.42267	2.85356
0.42748	2.85520
0.43239	2.85713
0.43731	2.85840
0.44214	2.86060
0.44706	2.86250
0.45204	2.86594
0.45683	2.86807
0.46176	2.87039
0.46658	2.87073
0.47165	2.87327
0.47661	2.87690
0.48104	2.87712
0.48586	2.88049
0.49074	2.88191
0.49564	2.88311
