2.00103	0.04146
2.00591	0.04380
2.01580	0.04805
2.02553	0.04932
2.03551	0.05117
2.04515	0.05688
2.05537	0.07075
2.06544	0.08813
2.07036	0.09316
2.08018	0.09844
2.08989	0.10664
2.09969	0.12607
2.10941	0.14404
2.11939	0.15308
2.12906	0.17710
2.13906	0.19531
2.14354	0.20391
2.15351	0.22979
2.16317	0.25132
2.17310	0.28027
2.18283	0.30869
2.19270	0.33789
2.20237	0.37275
2.20737	0.39023
2.21648	0.42944
2.22609	0.46885
2.23572	0.51143
2.24546	0.55854
2.25532	0.60659
2.26510	0.65903
2.26993	0.68359
2.27973	0.74170
2.28936	0.80283
2.29919	0.86523
2.30899	0.93335
2.31885	1.00337
2.32869	1.07974
2.33370	1.11763
2.34333	1.19907
2.35321	1.28223
2.36314	1.37529
2.37348	1.46846
2.38313	1.56753
2.39287	1.66758
2.40264	1.77271
2.40742	1.82505
2.41723	1.93662
2.42709	2.05356
2.43679	2.16909
2.44656	2.29160
2.45640	2.41846
2.46605	2.54775
2.47126	2.61348
2.48102	2.75186
2.49073	2.88389
2.50110	3.02578
2.51103	3.17329
2.52050	3.32554
2.52933	3.47910
2.53412	3.55327
2.54371	3.70957
2.55355	3.87070
2.56339	4.03296
2.57320	4.20645
2.58291	4.36670
2.59274	4.54155
2.59769	4.62900
2.60754	4.80210
2.61727	4.97554
2.62697	5.15176
2.63680	5.33169
2.64648	5.50977
2.65646	5.68882
2.66620	5.86938
2.67118	5.95068
2.68141	6.12095
2.69122	6.30938
2.70094	6.49263
2.71070	6.66538
2.72065	6.85449
2.73032	7.02422
2.73538	7.12798
2.74513	7.23613
2.75486	7.40122
2.76467	7.64028
2.77425	7.88057
2.78412	8.01592
2.79398	8.24824
2.79883	8.30649
2.80861	8.50029
2.81854	8.69746
2.82827	8.87583
2.83743	9.04629
2.84713	9.23569
2.85664	9.39126
2.86143	9.48081
2.87126	9.65010
2.88099	9.82192
2.89090	9.99028
2.90065	10.15845
