0.00007	-0.13833
0.00487	0.25552
0.00970	0.63762
0.01419	1.00940
0.01875	1.36936
0.02332	1.70752
0.02783	2.04336
0.03230	2.36643
0.03687	2.67422
0.04159	2.96382
0.04642	3.24292
0.05128	3.51523
0.05612	3.78347
0.06099	4.03872
0.06575	4.28125
0.07527	4.73511
0.08016	4.94705
0.08480	5.15461
0.08938	5.35227
0.09472	5.54556
0.09934	5.72478
0.10409	5.89685
0.10864	6.05879
0.11331	6.21560
0.11798	6.36655
0.12270	6.50818
0.12736	6.64714
0.13224	6.77761
0.13709	6.90742
0.14190	7.02808
0.14666	7.14209
0.15152	7.25691
0.15643	7.35923
0.16126	7.45962
0.16616	7.55386
0.17077	7.64453
0.17556	7.73301
0.18043	7.81548
0.18536	7.89302
0.19010	7.97004
0.19491	8.04189
0.19979	8.11155
0.20458	8.17712
0.20943	8.24226
0.21918	8.36213
0.22397	8.41990
0.22892	8.47625
0.23372	8.52979
0.23867	8.57517
0.24345	8.62544
0.24876	8.67244
0.25348	8.71404
0.25843	8.75962
0.26333	8.79834
0.26812	8.83606
0.27303	8.87703
0.27788	8.90845
0.28276	8.94158
0.28763	8.97607
0.29248	9.00742
0.29735	9.03674
0.30223	9.06499
0.30712	9.09475
0.31202	9.12095
0.31696	9.14492
0.32175	9.17151
0.32543	9.19421
0.33012	9.21570
0.33511	9.23674
0.33989	9.25776
0.34475	9.28196
0.34955	9.29900
0.35452	9.31882
0.36434	9.35596
0.36912	9.37415
0.37399	9.39360
0.37888	9.40994
0.38378	9.42266
0.38864	9.43982
0.39366	9.45718
0.39852	9.47021
0.40384	9.48499
0.40860	9.49622
0.41355	9.51064
0.41847	9.52424
0.42340	9.53701
0.42811	9.55076
0.43312	9.56306
0.43792	9.57324
0.44284	9.58589
0.44767	9.59607
0.45255	9.60896
0.45730	9.61824
0.46230	9.62876
0.46719	9.63547
0.47226	9.64651
0.47712	9.65422
0.48150	9.66970
0.48625	9.67473
0.49117	9.68540
