-7.00186	0.09837
-6.99210	0.12038
-6.98709	0.12949
-6.98229	0.13223
-6.97739	0.14368
-6.96754	0.16344
-6.96281	0.17227
-6.95766	0.19362
-6.95294	0.19684
-6.94321	0.22806
-6.93829	0.23512
-6.93343	0.25983
-6.92838	0.27087
-6.91880	0.30335
-6.91393	0.32604
-6.90889	0.34681
-6.90418	0.36081
-6.89442	0.41136
-6.88935	0.42744
-6.88460	0.45625
-6.87974	0.48594
-6.87478	0.51058
-6.86494	0.56097
-6.85996	0.59095
-6.85525	0.62178
-6.85044	0.65605
-6.84120	0.72692
-6.83659	0.76839
-6.83139	0.80921
-6.82682	0.84655
-6.81695	0.94043
-6.81189	0.97806
-6.80725	1.02822
-6.80213	1.07572
-6.79229	1.17620
-6.78768	1.23643
-6.78262	1.29395
-6.77792	1.34759
-6.76812	1.46738
-6.76309	1.53164
-6.75843	1.59814
-6.75338	1.66520
-6.74370	1.81637
-6.73881	1.88916
-6.73379	1.95817
-6.72902	2.04329
-6.72405	2.12223
-6.71413	2.29805
-6.70942	2.38574
-6.70432	2.47943
-6.69962	2.57474
-6.68951	2.77223
-6.68464	2.87998
-6.67978	2.99323
-6.67492	3.09811
-6.66514	3.32321
-6.66026	3.44915
-6.65534	3.56520
-6.65049	3.68698
-6.64078	3.94206
-6.63579	4.06172
-6.63094	4.19795
-6.62604	4.33265
-6.61628	4.62018
-6.61140	4.76367
-6.60653	4.91478
-6.60166	5.07523
-6.59185	5.38760
-6.58695	5.54824
-6.58208	5.71699
-6.57722	5.88594
-6.56744	6.21836
-6.56256	6.40127
-6.55760	6.57764
-6.55283	6.76283
-6.54788	6.94281
-6.53816	7.32767
-6.53358	7.52383
-6.52853	7.72038
-6.52386	7.92038
-6.51416	8.32646
-6.50912	8.53324
-6.50436	8.75176
-6.49933	8.96019
-6.48954	9.40755
-6.48477	9.63242
-6.47972	9.85602
-6.47490	10.08617
-6.46528	10.54447
-6.46021	10.77578
-6.45548	11.01553
-6.45046	11.26051
-6.44069	11.75114
-6.43596	12.00498
-6.43098	12.25251
-6.42619	12.49518
-6.41637	13.01139
-6.41142	13.27272
-6.40651	13.54089
-6.40148	13.80443
