0.00005	-0.03258
0.02442	0.29268
0.04870	0.55928
0.07315	0.81162
0.09751	1.03096
0.12187	1.23392
0.14607	1.40885
0.17060	1.59160
0.19519	1.75446
0.21960	1.90592
0.24393	2.05039
0.26842	2.19837
0.29266	2.34284
0.31726	2.47594
0.34013	2.60895
0.35937	2.71491
0.38363	2.84385
0.40778	2.98079
0.43190	3.10387
0.45626	3.22738
0.48089	3.35257
0.50637	3.47555
0.53093	3.58779
0.55497	3.70749
0.57948	3.81449
0.60345	3.93587
0.62907	4.03226
0.64969	4.13545
0.67378	4.25127
0.69829	4.36087
0.72262	4.46221
0.74709	4.57054
0.77145	4.67682
0.79595	4.78151
0.82043	4.88255
0.84493	4.98151
0.86915	5.08558
0.89365	5.18350
0.91797	5.28643
0.94261	5.38285
0.96663	5.48281
0.99109	5.57454
1.01538	5.67087
1.03487	5.75247
1.05942	5.84095
1.08366	5.93434
1.10829	6.02490
1.13269	6.11471
1.15716	6.20199
1.18156	6.29111
1.20604	6.38333
1.23037	6.47435
1.25493	6.55915
1.27878	6.64460
1.30332	6.73538
1.32730	6.81615
1.35207	6.90361
1.37613	6.99036
1.40078	7.06911
1.42505	7.16120
1.45004	7.24388
1.47440	7.32617
1.49883	7.41224
1.52312	7.48910
1.54760	7.57389
1.57196	7.64977
1.59552	7.72969
1.61935	7.81191
1.64402	7.88545
1.66813	7.96943
1.69269	8.04118
1.71672	8.11872
1.73688	8.17282
1.76215	8.24958
1.78623	8.33027
1.81086	8.40244
1.83511	8.48044
1.85979	8.55632
1.88419	8.62705
1.90458	8.69772
1.92916	8.77578
1.95334	8.84880
1.97802	8.91940
2.00221	8.98877
2.02651	9.05856
2.05095	9.13454
2.07627	9.20527
2.10045	9.27718
2.12513	9.34424
2.14907	9.41458
2.17374	9.48545
2.19826	9.55576
2.22174	9.62581
2.24614	9.69479
2.27067	9.76159
2.29493	9.82842
2.31938	9.89466
2.34379	9.95990
2.36873	10.02588
2.39290	10.09128
