0.2500	0.0001	0.2507
0.3214	0.0002	0.3244
0.3929	0.0001	0.3910
0.4643	0.0002	0.4646
0.5357	0.0002	0.5396
0.6071	0.0002	0.6084
0.6786	0.0004	0.6787
0.7500	0.0001	0.7520
0.8214	0.0003	0.8206
0.8929	0.0003	0.8940
0.9643	0.0007	0.9620
1.0357	0.0002	1.0355
1.1071	0.0007	1.1086
1.1786	0.0006	1.1779
1.2500	0.0007	1.2515
1.3214	0.0008	1.3235
1.3929	0.0007	1.3920
1.4643	0.0007	1.4667
1.5357	0.0006	1.5403
1.6071	0.0011	1.6073
1.6786	0.0006	1.6804
1.7500	0.0009	1.7507
1.8214	0.0008	1.8244
1.8929	0.0014	1.8980
1.9643	0.0009	1.9631
2.0357	0.0017	2.0364
2.1071	0.0011	2.1103
2.1786	0.0009	2.1792
2.2500	0.0018	2.2511
2.3214	0.0014	2.3197
2.3929	0.0014	2.3936
2.4643	0.0016	2.4675
2.5357	0.0027	2.5347
2.6071	0.0017	2.6081
2.6786	0.0023	2.6831
2.7500	0.0021	2.7514
2.8214	0.0043	2.8258
2.8929	0.0036	2.8918
2.9643	0.0036	2.9651
3.0357	0.0037	3.0405
3.1071	0.0037	3.1092
3.1786	0.0041	3.1788
3.2500	0.0035	3.2521
3.3214	0.0038	3.3212
3.3929	0.0038	3.3945
3.4643	0.0041	3.4623
3.5357	0.0038	3.5355
3.6071	0.0043	3.6088
3.6786	0.0041	3.6785
3.7500	0.0044	3.7529
