-0.00000	-0.03396
0.00492	0.02241
0.00977	0.06477
0.01461	0.10276
0.01947	0.14048
0.02436	0.17168
0.02922	0.20271
0.03412	0.22849
0.03895	0.25212
0.04385	0.27249
0.04871	0.29241
0.05360	0.30979
0.05849	0.32483
0.06338	0.33914
0.06823	0.35193
0.07805	0.37288
0.08294	0.38320
0.08781	0.39150
0.09278	0.39919
0.09766	0.40669
0.10253	0.41248
0.10740	0.41755
0.11229	0.42278
0.11719	0.42832
0.12205	0.43269
0.12696	0.43608
0.13181	0.43953
0.13671	0.44270
0.14159	0.44529
0.14650	0.44866
0.15138	0.45178
0.15630	0.45552
0.16117	0.45762
0.16604	0.46016
0.17080	0.46282
0.17568	0.46406
0.18054	0.46599
0.18540	0.46748
0.19032	0.46973
0.19519	0.47131
0.20005	0.47209
0.20495	0.47410
0.20982	0.47417
0.21470	0.47764
0.22448	0.47920
0.22934	0.48018
0.23427	0.48193
0.23917	0.48315
0.24404	0.48337
0.24901	0.48540
0.25392	0.48618
0.25880	0.48655
0.26367	0.48779
0.26856	0.48789
0.27345	0.48831
0.27832	0.49023
0.28321	0.49094
0.28812	0.49092
0.29300	0.49214
0.29787	0.49307
0.30274	0.49299
0.30765	0.49375
0.31254	0.49500
0.31743	0.49551
0.32236	0.49673
0.32654	0.49656
0.33142	0.49751
0.33631	0.49766
0.34123	0.49888
0.34606	0.49910
0.35084	0.50002
0.35584	0.50017
0.36074	0.49993
0.37048	0.50122
0.37550	0.50254
0.38023	0.50132
0.38531	0.50315
0.39020	0.50271
0.39513	0.50378
0.39993	0.50344
0.40512	0.50444
0.41000	0.50466
0.41488	0.50425
0.41976	0.50542
0.42467	0.50559
0.42952	0.50632
0.43439	0.50664
0.43930	0.50652
0.44418	0.50662
0.44908	0.50815
0.45394	0.50728
0.45884	0.50720
0.46375	0.50806
0.46864	0.50874
0.47354	0.50876
0.47842	0.50952
0.48295	0.50933
0.48774	0.50896
0.49266	0.50962
0.49756	0.51003
