0.00002	-0.04935
0.01471	0.29219
0.02920	0.59561
0.04384	0.88861
0.05832	1.17044
0.07770	1.50313
0.09242	1.74661
0.10687	1.95951
0.12142	2.18057
0.13566	2.38011
0.15010	2.57588
0.16477	2.76771
0.17940	2.95488
0.19451	3.13050
0.20928	3.30208
0.22860	3.51924
0.24279	3.67891
0.25759	3.84118
0.27157	3.98356
0.28622	4.12285
0.30063	4.26582
0.31604	4.41042
0.33004	4.55332
0.34214	4.68643
0.35710	4.81790
0.37646	4.98649
0.39081	5.11732
0.40563	5.24421
0.42004	5.37100
0.43479	5.49609
0.44927	5.61178
0.46397	5.73044
0.47859	5.84850
0.49385	5.95811
0.51325	6.10374
0.52753	6.21602
0.54234	6.32422
0.55683	6.43926
0.57152	6.54277
0.58607	6.64609
0.60078	6.75309
0.61530	6.85908
0.63042	6.96416
0.64470	7.06315
0.66307	7.19632
0.67811	7.29717
0.69225	7.39561
0.70742	7.49482
0.72140	7.58893
0.73632	7.68581
0.75055	7.78079
0.76533	7.87770
0.77955	7.97096
0.79518	8.06260
0.81502	8.17223
0.82935	8.26699
0.84416	8.36084
0.85844	8.44479
0.87350	8.53164
0.88780	8.62428
0.90253	8.70570
0.91683	8.79173
0.93167	8.88145
0.94642	8.95785
0.96389	9.07445
0.97836	9.14893
0.99307	9.24043
1.00709	9.31618
1.02203	9.40501
1.03627	9.47790
1.05074	9.56455
1.06538	9.63880
1.08016	9.72191
1.10001	9.82725
1.11410	9.90088
1.13002	9.97816
1.14481	10.05693
1.15936	10.12679
1.17399	10.20742
1.18854	10.27754
1.20295	10.35088
1.21758	10.42057
1.23213	10.49860
1.25241	10.59561
1.26680	10.67028
1.27958	10.74173
1.29442	10.80960
1.30882	10.88099
1.32362	10.95518
1.33816	11.02620
1.35292	11.09652
1.36733	11.16458
1.38204	11.23138
1.40152	11.32900
1.41622	11.39538
1.43173	11.46328
1.44608	11.53125
1.46092	11.59749
1.47520	11.66693
1.49004	11.73385
