2.00102	0.04927
2.00599	0.05049
2.01079	0.05259
2.01570	0.05547
2.02061	0.06050
2.02562	0.06973
2.03066	0.07905
2.03535	0.08643
2.04044	0.09277
2.04531	0.09614
2.05041	0.09863
2.05540	0.10273
2.06058	0.11045
2.06545	0.11997
2.07021	0.13140
2.07515	0.13979
2.07998	0.14546
2.08509	0.15288
2.09008	0.16382
2.09488	0.17480
2.09968	0.18779
2.10452	0.19692
2.10957	0.20840
2.11421	0.22080
2.11930	0.23320
2.12416	0.24644
2.12908	0.26074
2.13886	0.29023
2.14369	0.30820
2.14867	0.32212
2.15352	0.34102
2.15828	0.36143
2.16319	0.37778
2.16812	0.40381
2.17316	0.42251
2.17798	0.44609
2.18297	0.46680
2.18795	0.49272
2.19275	0.51885
2.19767	0.55112
2.20263	0.57764
2.20736	0.60493
2.21164	0.63691
2.21651	0.66787
2.22102	0.69839
2.22604	0.73237
2.23090	0.77017
2.23573	0.80654
2.24061	0.84370
2.24560	0.88247
2.25042	0.98252
2.25514	0.96338
2.26005	1.00835
2.26504	1.05352
2.26981	1.10029
2.27481	1.14961
2.28451	1.25698
2.28933	1.31372
2.29429	1.37134
2.29920	1.43301
2.30406	1.49541
2.30887	1.55796
2.31382	1.62583
2.31878	1.69390
2.32367	1.76455
2.32853	1.83589
2.33347	1.91035
2.33841	1.98696
2.34336	2.06646
2.34838	2.14761
2.35323	2.23228
2.35812	2.31807
2.36325	2.40898
2.36836	2.50073
2.37326	2.59678
2.37831	2.69702
2.38317	2.79434
2.38803	2.89668
2.39287	3.00029
2.39786	3.10903
2.40276	3.22593
2.40758	3.34331
2.41250	3.46479
2.41754	3.58755
2.42224	3.71860
2.43204	3.98071
2.43700	4.11807
2.44189	4.26313
2.44665	4.40820
2.45160	4.56104
2.45641	4.71626
2.46167	4.87280
2.46632	5.03521
2.47117	5.20200
2.47598	5.37065
2.48107	5.54229
2.48571	5.71758
2.49074	5.89458
2.49575	6.07490
2.50114	6.27119
