-7.00187	0.15924
-6.99207	0.17161
-6.98705	0.19860
-6.98227	0.19827
-6.97251	0.22744
-6.96758	0.23942
-6.96282	0.25980
-6.95294	0.29251
-6.94805	0.30550
-6.93832	0.34967
-6.93352	0.37607
-6.92856	0.39277
-6.91877	0.42826
-6.91401	0.45651
-6.90896	0.48649
-6.89925	0.54176
-6.89443	0.56410
-6.88946	0.59271
-6.87966	0.65947
-6.87480	0.69303
-6.86965	0.73646
-6.85994	0.82074
-6.85527	0.85990
-6.85038	0.91003
-6.84121	1.02090
-6.83651	1.04040
-6.83146	1.07666
-6.82168	1.18382
-6.81691	1.23831
-6.81193	1.29844
-6.80214	1.41517
-6.79722	1.47633
-6.79247	1.54108
-6.78264	1.68138
-6.77787	1.75518
-6.77286	1.82939
-6.76303	1.98236
-6.75841	2.05283
-6.75330	2.14300
-6.74349	2.29935
-6.73876	2.39450
-6.72902	2.60130
-6.72397	2.70251
-6.71917	2.80658
-6.70937	3.03158
-6.70432	3.15651
-6.69960	3.26969
-6.68958	3.51087
-6.68466	3.63405
-6.67979	3.76051
-6.67003	4.00592
-6.66509	4.14294
-6.66026	4.28900
-6.65050	4.57757
-6.64559	4.72705
-6.64071	4.88200
-6.63103	5.18916
-6.62604	5.35879
-6.62120	5.52454
-6.61137	5.86429
-6.60649	6.04027
-6.60164	6.21689
-6.59190	6.58376
-6.58695	6.77480
-6.58213	6.96771
-6.57233	7.38812
-6.56741	7.59193
-6.56255	7.80387
-6.55278	8.19688
-6.54784	8.41182
-6.53813	8.85007
-6.53352	9.07484
-6.52853	9.30596
-6.51878	9.76644
-6.51406	10.00234
-6.50908	10.24102
-6.49939	10.72116
-6.49453	10.97158
-6.48955	11.22490
-6.47968	11.73932
-6.47494	12.00163
-6.46997	12.26016
-6.46020	12.77865
-6.45545	13.05120
-6.45043	13.32142
-6.44065	13.88327
-6.43590	14.16185
-6.43087	14.44300
-6.42118	15.01885
-6.41628	15.30918
-6.41137	15.60352
-6.40147	16.20534
-6.39668	16.50094
-6.39174	16.79831
-6.38197	17.41449
-6.37702	17.73669
-6.37210	18.04082
-6.36230	18.65957
-6.35748	18.92018
-6.34772	19.04160
