0.2500	1.9996	0.0001
0.3214	2.0844	0.0001
0.3929	2.1585	0.0000
0.4643	2.2375	0.0001
0.5357	2.3179	0.0001
0.6071	2.3921	0.0002
0.6786	2.4697	0.0001
0.7500	2.5443	0.0005
0.8214	2.6171	0.0002
0.8929	2.6952	0.0003
0.9643	2.7671	0.0004
1.0357	2.8418	0.0003
1.1071	2.9192	0.0003
1.1786	2.9887	0.0004
1.2500	3.0664	0.0003
1.3214	3.1426	0.0007
1.3929	3.2109	0.0006
1.4643	3.2862	0.0012
1.5357	3.3637	0.0010
1.6071	3.4327	0.0008
1.6786	3.5072	0.0008
1.7500	3.5789	0.0010
1.8214	3.6540	0.0010
1.8929	3.7302	0.0006
1.9643	3.7988	0.0011
2.0357	3.8736	0.0015
2.1071	3.9501	0.0020
2.1786	4.0192	0.0015
2.2500	4.0943	0.0018
2.3214	4.1648	0.0019
2.3929	4.2385	0.0017
2.4643	4.3156	0.0016
2.5357	4.3849	0.0021
2.6071	4.4580	0.0027
2.6786	4.5318	0.0024
2.7500	4.6042	0.0029
2.8214	4.6778	0.0019
2.8929	4.7462	0.0024
2.9643	4.8214	0.0025
3.0357	4.8974	0.0031
3.1071	4.9663	0.0031
3.1786	5.0392	0.0034
3.2500	5.1140	0.0037
3.3214	5.1854	0.0035
3.3929	5.2591	0.0039
3.4643	5.3292	0.0039
3.5357	5.4033	0.0038
3.6071	5.4783	0.0039
3.6786	5.5472	0.0037
3.7500	5.6230	0.0040
