0.2500	0.0002	0.2492
0.3214	0.0001	0.3225
0.3929	0.0001	0.3906
0.4643	0.0002	0.4639
0.5357	0.0001	0.5374
0.6071	0.0001	0.6059
0.6786	0.0004	0.6784
0.7500	0.0002	0.7516
0.8214	0.0003	0.8202
0.8929	0.0004	0.8935
0.9643	0.0007	0.9619
1.0357	0.0004	1.0350
1.1071	0.0011	1.1083
1.1786	0.0007	1.1768
1.2500	0.0007	1.2501
1.3214	0.0011	1.3232
1.3929	0.0009	1.3916
1.4643	0.0007	1.4650
1.5357	0.0010	1.5384
1.6071	0.0015	1.6064
1.6786	0.0009	1.6797
1.7500	0.0010	1.7485
1.8214	0.0013	1.8219
1.8929	0.0013	1.8954
1.9643	0.0015	1.9627
2.0357	0.0022	2.0360
2.1071	0.0013	2.1094
2.1786	0.0011	2.1778
2.2500	0.0027	2.2509
2.3214	0.0020	2.3193
2.3929	0.0018	2.3927
2.4643	0.0022	2.4660
2.5357	0.0030	2.5342
2.6071	0.0021	2.6074
2.6786	0.0031	2.6810
2.7500	0.0030	2.7494
2.8214	0.0028	2.8229
2.8929	0.0026	2.8906
2.9643	0.0029	2.9640
3.0357	0.0028	3.0379
3.1071	0.0028	3.1067
3.1786	0.0036	3.1785
3.2500	0.0029	3.2518
3.3214	0.0034	3.3204
3.3929	0.0034	3.3936
3.4643	0.0040	3.4619
3.5357	0.0034	3.5351
3.6071	0.0040	3.6084
3.6786	0.0040	3.6770
3.7500	0.0040	3.7504
