2.00098	0.04902
2.00608	0.04971
2.01085	0.05151
2.01566	0.05400
2.02063	0.05864
2.02563	0.06733
2.03057	0.07612
2.03559	0.08442
2.04039	0.09092
2.04521	0.09556
2.05044	0.09771
2.05539	0.10103
2.06033	0.10674
2.06535	0.11733
2.07042	0.12734
2.07517	0.13735
2.08025	0.14438
2.08492	0.15039
2.09007	0.15806
2.09458	0.17021
2.09963	0.18345
2.10446	0.19351
2.10930	0.20352
2.11449	0.21665
2.11910	0.22925
2.12407	0.24229
2.12910	0.25552
2.13884	0.28613
2.14371	0.30410
2.14872	0.31777
2.15330	0.33496
2.15838	0.35625
2.16322	0.37217
2.16814	0.39766
2.17285	0.41611
2.17790	0.43936
2.18281	0.46235
2.18794	0.48462
2.19289	0.50996
2.19787	0.53540
2.20273	0.56396
2.20708	0.59233
2.21182	0.62178
2.21651	0.65137
2.22097	0.68291
2.22586	0.71782
2.23083	0.75186
2.23573	0.78706
2.24057	0.82778
2.24551	0.86582
2.25037	0.90513
2.25540	0.94849
2.26002	0.99189
2.26508	1.03682
2.26985	1.08403
2.27475	1.13184
2.28472	1.23711
2.28939	1.29321
2.29438	1.35034
2.29915	1.41191
2.30432	1.47285
2.30885	1.53633
2.31392	1.60161
2.31871	1.67061
2.32364	1.73843
2.32846	1.80859
2.33341	1.88457
2.33847	1.95796
2.34342	2.03833
2.34812	2.11968
2.35335	2.20352
2.35804	2.28999
2.36311	2.37876
2.36813	2.47036
2.37342	2.56533
2.37829	2.66147
2.38335	2.75977
2.38801	2.85923
2.39314	2.96123
2.39767	3.06860
2.40266	3.18301
2.40765	3.29917
2.41259	3.41797
2.41719	3.53774
2.42233	3.66587
2.43208	3.92339
2.43696	4.05796
2.44190	4.19756
2.44676	4.34189
2.45156	4.49189
2.45642	4.64702
2.46135	4.80229
2.46619	4.95884
2.47116	5.12139
2.47605	5.28916
2.48105	5.45981
2.48591	5.63379
2.49075	5.80776
2.49596	5.98374
2.50129	6.17729
