0.2500	2.0084	0.2506
0.3214	2.0910	0.3241
0.3929	2.1674	0.3910
0.4643	2.2456	0.4644
0.5357	2.3240	0.5390
0.6071	2.3974	0.6087
0.6786	2.4754	0.6787
0.7500	2.5493	0.7520
0.8214	2.6220	0.8210
0.8929	2.7000	0.8945
0.9643	2.7716	0.9620
1.0357	2.8465	1.0354
1.1071	2.9231	1.1089
1.1786	2.9934	1.1783
1.2500	3.0710	1.2518
1.3214	3.1454	1.3235
1.3929	3.2134	1.3920
1.4643	3.2906	1.4669
1.5357	3.3652	1.5409
1.6071	3.4373	1.6072
1.6786	3.5107	1.6809
1.7500	3.5812	1.7508
1.8214	3.6572	1.8249
1.8929	3.7328	1.8979
1.9643	3.8020	1.9630
2.0357	3.8769	2.0362
2.1071	3.9525	2.1104
2.1786	4.0231	2.1788
2.2500	4.0967	2.2512
2.3214	4.1657	2.3195
2.3929	4.2425	2.3943
2.4643	4.3167	2.4672
2.5357	4.3889	2.5348
2.6071	4.4597	2.6083
2.6786	4.5359	2.6839
2.7500	4.6046	2.7519
2.8214	4.6815	2.8255
2.8929	4.7498	2.8918
2.9643	4.8241	2.9645
3.0357	4.8986	3.0407
3.1071	4.9699	3.1090
3.1786	5.0426	3.1790
3.2500	5.1168	3.2521
3.3214	5.1860	3.3215
3.3929	5.2618	3.3948
3.4643	5.3319	3.4621
3.5357	5.4051	3.5359
3.6071	5.4787	3.6089
3.6786	5.5502	3.6797
3.7500	5.6248	3.7532
