0.00008	-0.30381
0.00005	-0.30408
0.00478	0.57034
0.00479	0.56592
0.00479	0.57554
0.00919	1.43943
0.00916	1.44119
0.00919	1.44060
0.00917	1.43706
0.01271	2.30686
0.01270	2.29907
0.01271	2.30669
0.01712	3.15952
0.01718	3.15237
0.01714	3.15178
0.02186	3.99546
0.02188	4.00564
0.02187	3.99431
0.02628	4.82483
0.02634	4.82815
0.02627	4.83220
0.02979	5.65232
0.02984	5.65493
0.02980	5.65867
0.02982	5.66147
0.03423	6.47576
0.03420	6.47290
0.03420	6.47678
0.03896	7.28013
0.03900	7.27986
0.03897	7.28374
0.04350	8.08330
0.04355	8.08511
0.04345	8.08088
0.04761	8.87344
0.04751	8.87329
0.04748	8.87446
0.04749	8.87498
0.05170	9.65466
0.05170	9.65222
0.05168	9.65715
0.05618	10.43755
0.05619	10.43015
0.05615	10.43188
0.06095	11.19514
0.06097	11.19038
0.06100	11.18970
0.06548	11.95129
0.06550	11.95215
0.06542	11.95544
0.06925	12.69905
0.06946	12.69614
0.06922	12.69507
0.06945	12.69641
0.07342	13.43582
0.07340	13.42700
0.07343	13.43220
0.07813	14.15291
0.07814	14.15156
0.07812	14.15225
0.08289	14.86514
0.08288	14.86880
0.08285	14.86597
0.08750	15.57046
0.08742	15.56555
0.08745	15.57087
0.08750	15.57344
0.09222	16.26509
0.09218	16.25923
0.09219	16.26116
0.09627	16.94736
0.09630	16.94841
0.09628	16.94924
0.10048	17.62222
0.10051	17.62441
0.10055	17.62241
0.10505	18.28416
0.10503	18.28201
0.10504	18.28335
0.10981	18.68757
0.10986	18.67898
0.10986	18.67144
0.10986	18.66582
0.11469	18.72097
0.11471	18.71272
0.11472	18.70535
0.11961	18.70837
0.11961	18.70247
0.11960	18.70076
0.12447	18.68643
0.12449	18.67935
0.12449	18.67703
0.12938	18.66069
0.12936	18.65486
0.12937	18.65251
0.12938	18.65090
0.13423	18.62822
0.13426	18.62769
0.13425	18.62573
0.13912	18.60361
