2.00121	0.04097
2.00593	0.04380
2.01089	0.04727
2.02065	0.04937
2.02552	0.04951
2.03539	0.05156
2.04047	0.05454
2.05033	0.06724
2.05524	0.07549
2.06541	0.09194
2.07026	0.09634
2.08005	0.10034
2.08496	0.10474
2.08999	0.11118
2.09957	0.13452
2.10456	0.14243
2.11429	0.14956
2.11932	0.16040
2.12893	0.18613
2.13384	0.19487
2.14347	0.21514
2.14854	0.22930
2.15337	0.24004
2.16315	0.26387
2.16819	0.27759
2.17790	0.30649
2.18297	0.32070
2.19286	0.35596
2.19773	0.37119
2.20735	0.41152
2.21189	0.42627
2.21653	0.44873
2.22600	0.49067
2.23083	0.51255
2.24063	0.55937
2.24563	0.58511
2.25528	0.63667
2.25994	0.66328
2.26994	0.71943
2.27489	0.74990
2.28451	0.81309
2.28954	0.84805
2.29441	0.87993
2.30417	0.95044
2.30877	0.98584
2.31885	1.06567
2.32369	1.10566
2.33338	1.18628
2.33834	1.23032
2.34824	1.32437
2.35339	1.37217
2.35796	1.42002
2.36809	1.51997
2.37338	1.57217
2.38308	1.67695
2.38813	1.73218
2.39771	1.84487
2.40270	1.90488
2.41245	2.02217
2.41725	2.08437
2.42222	2.14707
2.43202	2.27495
2.43692	2.34043
2.44658	2.47490
2.45146	2.54678
2.46123	2.69316
2.46625	2.76084
2.47597	2.90474
2.48089	2.97627
2.49070	3.13462
2.49577	3.21162
2.50121	3.30215
2.51115	3.46631
2.51581	3.54814
2.52484	3.71836
2.52938	3.80542
2.53903	3.98105
2.54374	4.07217
2.55369	4.25522
2.55861	4.34937
2.56344	4.44268
2.57309	4.63604
2.57797	4.73315
2.58818	4.92705
2.59269	5.02393
2.60247	5.22627
2.60734	5.32334
2.61716	5.52729
2.62197	5.62891
2.62694	5.72900
2.63687	5.92979
2.64158	6.02930
2.65129	6.23374
2.65639	6.33984
2.66631	6.55513
2.67121	6.66211
2.68112	6.87681
2.68645	6.98877
2.69634	7.20708
2.70096	7.31665
