0.2500	0.2493	0.5024
0.3214	0.3228	0.6491
0.3929	0.3906	0.7822
0.4643	0.4639	0.9312
0.5357	0.5374	1.0758
0.6071	0.6060	1.2146
0.6786	0.6784	1.3602
0.7500	0.7517	1.5078
0.8214	0.8203	1.6438
0.8929	0.8936	1.7917
0.9643	0.9619	1.9264
1.0357	1.0350	2.0745
1.1071	1.1083	2.2213
1.1786	1.1777	2.3739
1.2500	1.2520	2.9831
1.3214	1.3237	3.2583
1.3929	1.3926	3.4559
1.4643	1.4677	3.6446
1.5357	1.5417	3.8203
1.6071	1.6079	3.9804
1.6786	1.6819	4.1458
1.7500	1.7521	4.2993
1.8214	1.8257	4.4574
1.8929	1.8990	4.6172
1.9643	1.9633	4.7618
2.0357	2.0367	4.9181
2.1071	2.1127	5.0699
2.1786	2.1815	5.2126
2.2500	2.2527	5.3621
2.3214	2.3211	5.5020
2.3929	2.3966	5.6497
2.4643	2.4702	5.7951
2.5357	2.5363	5.9330
2.6071	2.6103	6.0758
2.6786	2.6849	6.2197
2.7500	2.7534	6.3511
2.8214	2.8268	6.4938
2.8929	2.8942	6.6231
2.9643	2.9673	6.7620
3.0357	3.0417	6.8987
3.1071	3.1100	7.0233
3.1786	3.1792	7.1582
3.2500	3.2526	7.2899
3.3214	3.3227	7.4133
3.3929	3.3964	7.5412
3.4643	3.4632	7.6610
3.5357	3.5358	7.7870
3.6071	3.6091	7.9098
3.6786	3.6793	8.0237
3.7500	3.7533	8.1430
