2.00127	0.04326
2.00604	0.04634
2.01106	0.04766
2.01563	0.04834
2.02552	0.04980
2.03061	0.05029
2.03552	0.05210
2.04051	0.05601
2.05026	0.07046
2.05555	0.08066
2.06044	0.08999
2.06537	0.09434
2.07032	0.09663
2.08016	0.10195
2.08481	0.10747
2.09001	0.11841
2.09477	0.12993
2.10440	0.14526
2.10941	0.14834
2.11431	0.15640
2.11917	0.16763
2.12907	0.19297
2.13399	0.19937
2.13877	0.21001
2.14372	0.22505
2.15347	0.24688
2.15865	0.26011
2.16322	0.27334
2.16818	0.28882
2.17794	0.31768
2.18277	0.33384
2.18768	0.35303
2.19273	0.36768
2.20244	0.40879
2.20735	0.42476
2.21176	0.44839
2.21643	0.46689
2.22612	0.51128
2.23082	0.53413
2.23581	0.55879
2.24046	0.58262
2.24544	0.61045
2.25534	0.66396
2.26017	0.69341
2.26508	0.72114
2.26988	0.75820
2.27954	0.81875
2.28471	0.85249
2.28949	0.88491
2.29435	0.92192
2.30411	0.99492
2.30893	1.03433
2.31398	1.07466
2.31884	1.11748
2.32849	1.20269
2.33343	1.25029
2.33833	1.29478
2.34353	1.34419
2.35333	1.44360
2.35798	1.49458
2.36326	1.54658
2.36820	1.59956
2.37813	1.71123
2.38320	1.76763
2.38792	1.82510
2.39292	1.88389
2.40271	2.00737
2.40748	2.06948
2.41248	2.13428
2.41722	2.19932
2.42230	2.26748
2.43221	2.40488
2.43686	2.47524
2.44197	2.55161
2.44677	2.62075
2.45639	2.77158
2.46132	2.84692
2.46612	2.91909
2.47106	2.99902
2.48101	3.16118
2.48536	3.24360
2.49074	3.33125
2.49578	3.41826
2.50614	3.59946
2.51117	3.69053
2.51589	3.79272
2.52061	3.87275
2.52946	4.05972
2.53403	4.15459
2.53913	4.24902
2.54375	4.34844
2.55361	4.55122
2.55862	4.65430
2.56355	4.75752
2.56842	4.86021
2.57808	5.07256
2.58289	5.17285
2.58783	5.27998
2.59272	5.38604
2.59765	5.49297
