0.2500	0.0002	0.5023
0.3214	0.0003	0.6491
0.3929	0.0002	0.7826
0.4643	0.0001	0.9310
0.5357	0.0001	1.0760
0.6071	0.0002	1.2149
0.6786	0.0002	1.3597
0.7500	0.0004	1.5081
0.8214	0.0005	1.6437
0.8929	0.0005	1.7915
0.9643	0.0004	1.9248
1.0357	0.0006	2.0731
1.1071	0.0005	2.2182
1.1786	0.0007	2.3562
1.2500	0.0015	2.5043
1.3214	0.0007	2.6491
1.3929	0.0009	2.7875
1.4643	0.0013	2.9333
1.5357	0.0014	3.0808
1.6071	0.0010	3.2141
1.6786	0.0014	3.3628
1.7500	0.0016	3.4985
1.8214	0.0013	3.6464
1.8929	0.0018	3.7916
1.9643	0.0018	3.9290
2.0357	0.0022	4.0767
2.1071	0.0021	4.2224
2.1786	0.0017	4.3601
2.2500	0.0016	4.5032
2.3214	0.0019	4.6421
2.3929	0.0019	4.7871
2.4643	0.0022	4.9357
2.5357	0.0030	5.0714
2.6071	0.0033	5.2192
2.6786	0.0032	5.3649
2.7500	0.0034	5.5026
2.8214	0.0038	5.6492
2.8929	0.0034	5.7834
2.9643	0.0032	5.9317
3.0357	0.0031	6.0770
3.1071	0.0035	6.2156
3.1786	0.0035	6.3605
3.2500	0.0038	6.5084
3.3214	0.0039	6.6445
3.3929	0.0038	6.7918
3.4643	0.0038	6.9255
3.5357	0.0041	7.0742
3.6071	0.0040	7.2190
3.6786	0.0041	7.3570
3.7500	0.0043	7.8070
