0.00001	-0.10811
0.00970	0.43926
0.01910	0.94192
0.02858	1.39268
0.03757	1.79851
0.04698	2.16858
0.05651	2.50872
0.06611	2.81052
0.08077	3.19377
0.09059	3.42422
0.10025	3.63044
0.10996	3.81619
0.11970	3.98311
0.12945	4.13005
0.13916	4.26440
0.14890	4.38167
0.15871	4.48750
0.16839	4.58267
0.17777	4.66804
0.18749	4.74487
0.19720	4.81694
0.20688	4.87888
0.22141	4.96523
0.23125	5.01414
0.24107	5.06108
0.25116	5.10364
0.26096	5.14192
0.27061	5.17637
0.28044	5.20933
0.29018	5.24004
0.29992	5.26851
0.30971	5.29231
0.31956	5.31672
0.32763	5.33899
0.33736	5.36226
0.34720	5.37996
0.35684	5.39929
0.37149	5.42146
0.38123	5.43752
0.39124	5.45347
0.40104	5.46582
0.41113	5.47944
0.42093	5.49331
0.43066	5.50273
0.44045	5.51580
0.45026	5.52437
0.46007	5.53472
0.47012	5.54263
0.47973	5.55137
0.48872	5.55928
0.49843	5.56946
0.51307	5.57939
0.52290	5.58308
0.53271	5.59250
0.54255	5.60234
0.55238	5.61084
0.56274	5.61438
0.57246	5.62146
0.58210	5.62654
0.59194	5.63235
0.60183	5.64038
0.61157	5.64363
0.62157	5.64922
0.63155	5.65459
0.64065	5.65974
0.65045	5.66338
0.66493	5.67002
0.67464	5.67390
0.68451	5.68005
0.69420	5.68489
0.70432	5.68887
0.71396	5.69358
0.72425	5.69792
0.73402	5.70188
0.74383	5.70481
0.75347	5.70933
0.76330	5.71338
0.77309	5.71477
0.78305	5.71965
0.79270	5.72441
0.80166	5.72534
0.81642	5.72986
0.82611	5.73406
0.83594	5.73811
0.84574	5.73943
0.85546	5.74319
0.86546	5.74673
0.87571	5.75032
0.88548	5.75205
0.89520	5.75581
0.90496	5.76060
0.91475	5.76221
0.92458	5.76753
0.93435	5.76946
0.94428	5.77148
0.95728	5.77625
0.96706	5.77876
0.97680	5.78206
0.98652	5.78594
0.99630	5.78586
