1.5883691	0.0012939	0.0022976	0.0021560
1.5884375	0.0011572	0.0023462	0.0020889
1.5882178	0.0012012	0.0022265	0.0021265
1.6393652	0.0063086	0.0021375	0.0022212
1.6393311	0.0064648	0.0021560	0.0022863
1.6395996	0.0065332	0.0022382	0.0023212
1.6392969	0.0064893	0.0021739	0.0023057
1.6579443	0.0109424	0.0024416	0.0021121
1.6698486	0.0158936	0.0007373	0.0021405
1.6789990	0.0206982	0.0017002	0.0020834
1.6847559	0.0249951	0.0010765	0.0015818
1.6950342	0.0347217	0.0017516	0.0015501
1.7039990	0.0444678	0.0007337	0.0015258
1.7143945	0.0640186	0.0015319	0.0016105
1.7258496	0.0882959	0.0024518	0.0013999
1.7367822	0.1228320	0.0022533	0.0017861
1.7476123	0.1664893	0.0013910	0.0014622
1.7577295	0.2315381	0.0007984	0.0024301
1.7675146	0.3154736	0.0007051	0.0023939
1.7775195	0.4303271	0.0009856	0.0016770
1.7904053	0.5936084	0.0022985	0.0024179
1.8017871	0.8160352	0.0007240	0.0016101
1.8155078	1.1237451	0.0018930	0.0017241
1.8290869	1.5453711	0.0024062	0.0024423
1.8448828	2.1246240	0.0018264	0.0016193
1.8457080	2.2121289	0.0005983	0.0010255
1.8465430	2.2950342	0.0018565	0.0009070
1.8499463	2.3788037	0.0016483	0.0018855
1.8506396	2.4671973	0.0007059	0.0021982
1.8517236	2.5493311	0.0020652	0.0015167
1.8548877	2.6373535	0.0015818	0.0016429
1.8554541	2.7221191	0.0007078	0.0024616
1.8563037	2.8053369	0.0018523	0.0024471
1.8597705	2.8915381	0.0015818	0.0019297
1.8603076	2.9752246	0.0007712	0.0022900
1.8612305	3.0644287	0.0018895	0.0023981
1.8635449	3.1485205	0.0023239	0.0018890
1.8650293	3.2324658	0.0010040	0.0008015
1.8653613	3.3160693	0.0008918	0.0016912
1.8671045	3.3991602	0.0023748	0.0017348
1.8697021	3.4870166	0.0013624	0.0018991
1.8701025	3.5695068	0.0006368	0.0009495
1.8705420	3.6586816	0.0013941	0.0022451
1.8730469	3.7418457	0.0023933	0.0023075
1.8746680	3.8237402	0.0012491	0.0014785
1.8750146	3.9127832	0.0006368	0.0023314
1.8759570	3.9972900	0.0019393	0.0024861
1.8790723	4.0857373	0.0018177	0.0020894
1.8797754	4.1663965	0.0007492	0.0021887
1.8799951	4.2516455	0.0008528	0.0021508
1.8812109	4.3396191	0.0021848	0.0021040
1.8833203	4.4191602	0.0022301	0.0010485
1.8845703	4.8593311	0.0010059	0.0020408
1.8870459	4.9427881	0.0024373	0.0022329
1.8889063	5.0260498	0.0017539	0.0025701
1.8895703	5.1117529	0.0008425	0.0016511
1.8899023	5.1944385	0.0011278	0.0020434
1.8910352	5.2810986	0.0022245	0.0024584
1.8927490	5.3614404	0.0023519	0.0017235
1.8939453	5.4427344	0.0015875	0.0023753
1.8944043	5.5287158	0.0008366	0.0023431
1.8946924	5.6092725	0.0010693	0.0023026
1.8957959	5.6919336	0.0021623	0.0023870
1.8980566	5.7718359	0.0021887	0.0023163
1.8991260	5.8569238	0.0011511	0.0025758
1.8994043	5.9371338	0.0008174	0.0026189
1.8996729	6.0183008	0.0011785	0.0026294
1.9005078	6.1020801	0.0020368	0.0026559
1.9010986	6.1878027	0.0023325	0.0030326
1.9011475	6.2803564	0.0023377	0.0032549
1.9024072	6.3574707	0.0023794	0.0034747
1.9035107	6.4166602	0.0017955	0.0032646
1.9040234	6.4654053	0.0011649	0.0031652
1.9041748	6.5016309	0.0008514	0.0026706
1.9043408	6.5340820	0.0006354	0.0029860
1.9043896	6.5591602	0.0008551	0.0029072
1.9043848	6.5769873	0.0007192	0.0033058
1.9048291	6.6313623	0.0015224	0.0015009
1.9071289	6.7142187	0.0024210	0.0012628
1.9087354	6.8042383	0.0014050	0.0024423
1.9090723	6.8879102	0.0008673	0.0023391
1.9092334	6.9678027	0.0005544	0.0007563
1.9095020	7.0561914	0.0012517	0.0015474
1.9101074	7.1192920	0.0019289	0.0041281
1.9098926	7.1198291	0.0017388	0.0041485
1.9097656	7.1200977	0.0015875	0.0043355
1.9095801	7.1204004	0.0013755	0.0043406
1.9094922	7.1206055	0.0012350	0.0044076
1.9094189	7.1209033	0.0010989	0.0044040
1.9094043	7.1209814	0.0011340	0.0044637
1.9093555	7.1210986	0.0009611	0.0044081
1.9092871	7.1213623	0.0007804	0.0043255
1.9093164	7.1212646	0.0008904	0.0042638
1.9092871	7.1216406	0.0007804	0.0043582
1.9092773	7.1217041	0.0007816	0.0044544
1.9092822	7.1215576	0.0008540	0.0043420
1.9093652	7.1216406	0.0009838	0.0045247
1.9092676	7.1218262	0.0008695	0.0045501
1.9092285	7.1219824	0.0006892	0.0045390
1.9092187	7.1222021	0.0007235	0.0044396
